        0         0         0         0         0         0         0         0         0         0         0         0         0         0         0         0
        0         0         0         0         0         0         0         0         0         0         0         0         0         0         0         0
        0         0         0         0         0         0         0         0         0         0         0         0         0         0         0         0
        0         0         0         0         0         0         0         0         0         0         0         0         0         0         0         0
        0         0         0         0         0         0         0         0         0         0         0         0         0         0         0         0
        0         0         0         0         0         0         0         0         0         0         0         0         0         0         0         0
        0         0         0         0         0  0.382848         0         0         0         0         0         0         0         0         0         0
        0         0         0         0         0  -1.14855   1.00498         0         0         0         0         0         0         0         0         0
        0         0         0         0         0         0  -3.06279         0         0         0         0         0         0         0         0         0
        0         0         0         0         0         0         0         0         0         0         0         0         0         0         0         0
        0         0         0         0         0         0         0         0         0         0         0         0         0         0         0         0
        0         0         0         0         0  0.574273         0         0         0  0.143568         0         0         0         0         0         0
        0         0         0         0         0  0.191424   1.05283         0         0 -0.669985  0.191424         0         0         0         0         0
        0         0         0         0         0         0   1.00498         0         0         0  -1.14855         0         0         0         0         0
        0         0         0         0         0         0         0         0         0         0         0         0         0         0         0         0
        0         0         0         0         0         0         0         0         0         0         0         0         0         0         0         0
        0         0         0         0         0         0         0         0         0  0.382848         0         0         0         0         0         0
        0         0         0         0         0         0         0         0         0  0.143568  0.574273         0         0         0         0         0
        0         0         0         0         0         0         0         0         0         0  0.382848         0         0         0         0         0
        0         0         0         0         0         0         0         0         0         0         0         0         0         0         0         0
        0         0         0         0         0         0         0         0         0         0         0         0         0         0         0         0
        0         0         0         0         0         0         0         0         0         0         0         0         0         0         0         0
        0         0         0         0         0         0         0         0         0         0         0         0         0         0         0         0
        0         0         0         0         0         0         0         0         0         0         0         0         0         0         0         0
        0         0         0         0         0         0         0         0         0         0         0         0         0         0         0         0
