     1     -1      0      0      0      0      0      0      0      0      0      0      0      0      0      0      0      0      0      0      0      0      0      0      0
     0      1      0      0      0      0     -1      0      0      0      0      0      0      0      0      0      0      0      0      0      0      0      0      0      0
     0      0      1      0      0      0      0     -1      0      0      0      0      0      0      0      0      0      0      0      0      0      0      0      0      0
     0      0      0      1      0      0      0      0      0      0      0      0      0      0      0      0      0      0      0      0      0      0      0      0      0
     0      0      0     -1      1      0      0      0      0      0      0      0      0      0      0      0      0      0      0      0      0      0      0      0      0
     0      0      0      0      0      1     -1      0      0      0      0      0      0      0      0      0      0      0      0      0      0      0      0      0      0
     0 -26.12      0      0      0 -26.12 104.48 -26.12      0      0      0 -26.12      0      0      0      0      0      0      0      0      0      0      0      0      0
     0      0 -26.12      0      0      0 -26.12 104.48 -26.12      0      0      0 -26.12      0      0      0      0      0      0      0      0      0      0      0      0
     0      0      0 -26.12      0      0      0 -26.12 104.48 -26.12      0      0      0 -26.12      0      0      0      0      0      0      0      0      0      0      0
     0      0      0      0      0      0      0      0     -1      1      0      0      0      0      0      0      0      0      0      0      0      0      0      0      0
     0      0      0      0      0      0      0      0      0      0      1     -1      0      0      0      0      0      0      0      0      0      0      0      0      0
     0      0      0      0      0      0 -26.12      0      0      0 -26.12 104.48 -26.12      0      0      0 -26.12      0      0      0      0      0      0      0      0
     0      0      0      0      0      0      0 -26.12      0      0      0 -26.12 104.48 -26.12      0      0      0 -26.12      0      0      0      0      0      0      0
     0      0      0      0      0      0      0      0 -26.12      0      0      0 -26.12 104.48 -26.12      0      0      0 -26.12      0      0      0      0      0      0
     0      0      0      0      0      0      0      0      0      0      0      0      0     -1      1      0      0      0      0      0      0      0      0      0      0
     0      0      0      0      0      0      0      0      0      0      0      0      0      0      0      1     -1      0      0      0      0      0      0      0      0
     0      0      0      0      0      0      0      0      0      0      0 -26.12      0      0      0 -26.12 104.48 -26.12      0      0      0 -26.12      0      0      0
     0      0      0      0      0      0      0      0      0      0      0      0 -26.12      0      0      0 -26.12 104.48 -26.12      0      0      0 -26.12      0      0
     0      0      0      0      0      0      0      0      0      0      0      0      0 -26.12      0      0      0 -26.12 104.48 -26.12      0      0      0 -26.12      0
     0      0      0      0      0      0      0      0      0      0      0      0      0      0      0      0      0      0     -1      1      0      0      0      0      0
     0      0      0      0      0      0      0      0      0      0      0      0      0      0      0      0      0      0      0      0      1     -1      0      0      0
     0      0      0      0      0      0      0      0      0      0      0      0      0      0      0      0     -1      0      0      0      0      1      0      0      0
     0      0      0      0      0      0      0      0      0      0      0      0      0      0      0      0      0     -1      0      0      0      0      1      0      0
     0      0      0      0      0      0      0      0      0      0      0      0      0      0      0      0      0      0     -1      0      0      0      0      1      0
     0      0      0      0      0      0      0      0      0      0      0      0      0      0      0      0      0      0      0      0      0      0      0     -1      1
