304.19831546707536
304.19831546707536
302.95405819295593
293.00000000000006
293.00000000000006
304.19831546707536
304.19831546707536
302.95405819295593
299.89127105666182
299.89127105666182
304.67687595712118
 304.6768759571213
304.00689127105704
302.95405819295598
302.95405819295615
 305.0597243491581
 305.0597243491581
304.67687595712141
304.19831546707542
304.19831546707542
305.05972434915805
305.05972434915805
304.67687595712158
304.19831546707536
304.19831546707536
